,Appearances,Appearances,Appearances,Appearances,Appearances,Appearances,Appearances,Appearances
Round,Round 0,Round 1,Round 2,Round 3,Round 4,Round 5,Round 6,Round 7
TeamName,,,,,,,,
Gonzaga,,0.026,0.153,0.19,0.192,0.125,0.115,0.199
Kansas,,0.04,0.263,0.136,0.181,0.115,0.109,0.156
Dayton,,0.058,0.186,0.16,0.182,0.18,0.1,0.134
Duke,,0.135,0.188,0.172,0.196,0.115,0.095,0.099
San Diego St,,0.106,0.285,0.186,0.213,0.079,0.061,0.07
Michigan St,,0.127,0.2,0.235,0.195,0.131,0.05,0.062
Baylor,,0.137,0.221,0.246,0.158,0.126,0.055,0.057
Florida St,,0.123,0.31,0.215,0.181,0.104,0.04,0.027
Creighton,,0.147,0.252,0.296,0.157,0.095,0.03,0.023
Louisville,,0.263,0.261,0.218,0.114,0.084,0.038,0.022
BYU,,0.252,0.288,0.267,0.121,0.038,0.018,0.016
Ohio St,,0.3,0.366,0.165,0.081,0.052,0.021,0.015
Kentucky,,0.157,0.267,0.319,0.16,0.053,0.031,0.013
Oregon,,0.167,0.289,0.349,0.104,0.052,0.027,0.012
Villanova,,0.182,0.309,0.278,0.13,0.07,0.019,0.012
Seton Hall,,0.168,0.411,0.26,0.109,0.031,0.011,0.01
Arizona,,0.393,0.371,0.094,0.087,0.024,0.022,0.009
Houston,,0.419,0.392,0.075,0.065,0.027,0.013,0.009
Michigan,,0.325,0.359,0.212,0.062,0.021,0.013,0.008
Maryland,,0.286,0.301,0.262,0.08,0.049,0.015,0.007
Auburn,,0.345,0.278,0.252,0.08,0.028,0.011,0.006
West Virginia,,0.379,0.343,0.118,0.098,0.046,0.01,0.006
Butler,,0.369,0.308,0.208,0.064,0.03,0.017,0.004
Wisconsin,,0.332,0.302,0.267,0.071,0.015,0.01,0.003
Colorado,,0.475,0.402,0.067,0.029,0.019,0.005,0.003
Penn St,,0.328,0.332,0.188,0.101,0.044,0.004,0.003
Iowa,,0.453,0.401,0.074,0.046,0.019,0.005,0.002
Illinois,,0.433,0.33,0.148,0.052,0.031,0.004,0.002
St Mary's CA,,0.484,0.335,0.117,0.037,0.022,0.003,0.002
Cincinnati,,0.523,0.338,0.083,0.036,0.017,0.001,0.002
Providence,,0.459,0.32,0.15,0.047,0.017,0.006,0.001
Marquette,,0.581,0.309,0.058,0.037,0.009,0.005,0.001
Virginia,,0.477,0.375,0.087,0.042,0.014,0.004,0.001
Utah St,,0.621,0.251,0.063,0.052,0.01,0.002,0.001
Florida,,0.525,0.365,0.079,0.018,0.01,0.002,0.001
Oklahoma,,0.629,0.313,0.039,0.015,0.002,0.001,0.001
Yale,,0.675,0.242,0.07,0.01,0.001,0.001,0.001
LSU,,0.371,0.509,0.089,0.02,0.006,0.005,
Texas Tech,,0.607,0.261,0.08,0.037,0.012,0.003,
ETSU,,0.547,0.328,0.08,0.036,0.006,0.003,
Richmond,0.387,0.356,0.142,0.092,0.014,0.007,0.002,
Liberty,,0.655,0.205,0.115,0.017,0.006,0.002,
Arizona St,,0.541,0.303,0.123,0.029,0.002,0.002,
Ark Little Rock,,0.853,0.099,0.042,0.004,,0.002,
Rutgers,,0.516,0.339,0.1,0.036,0.008,0.001,
SF Austin,,0.7,0.205,0.069,0.018,0.007,0.001,
Akron,,0.714,0.181,0.084,0.014,0.006,0.001,
NC State,0.425,0.364,0.135,0.053,0.017,0.005,0.001,
Vermont,,0.737,0.168,0.06,0.03,0.004,0.001,
Belmont,,0.865,0.083,0.038,0.012,0.001,0.001,
Texas,0.613,0.275,0.068,0.039,0.003,0.001,0.001,
USC,,0.567,0.319,0.079,0.028,0.007,,
North Texas,,0.668,0.215,0.094,0.02,0.003,,
New Mexico St,,0.833,0.11,0.05,0.004,0.003,,
Winthrop,,0.863,0.105,0.025,0.004,0.003,,
Indiana,,0.748,0.161,0.07,0.019,0.002,,
Bradley,,0.873,0.087,0.03,0.008,0.002,,
UCLA,0.575,0.308,0.086,0.024,0.006,0.001,,
Hofstra,,0.818,0.138,0.038,0.005,0.001,,
E Washington,,0.832,0.14,0.025,0.002,0.001,,
Siena,,0.96,0.036,0.003,,0.001,,
UC Irvine,,0.894,0.083,0.018,0.005,,,
N Kentucky,,0.877,0.096,0.023,0.004,,,
N Dakota St,,0.843,0.11,0.044,0.003,,,
Boston Univ,0.385,0.579,0.028,0.006,0.002,,,
Robert Morris,0.615,0.363,0.019,0.003,,,,
NC Central,0.548,0.44,0.011,0.001,,,,
Prairie View,0.452,0.534,0.014,,,,,
